Lisbon, 38.7369, -9.14269, 279;
Madrid, 40.4168, -3.70379, 273;
Paris, 48.8581, 2.29469, 270;
London, 51.5099, -0.118092, 270;
Rio de Janeiro, -22.9707, -43.1824, 313;
New York, 40.7306, -73.9352, 343;
Shanghai, 31.2674, 121.522, 291;
Sydney, -33.8651, 151.21, 321;
Johannesburg, -26.1952, 28.0341, 278;
Mexico City, 19.4326, -99.1332, 369;
Moscow, 55.7512, 37.6184, 277;
Tokyo, 35.6528, 139.839, 309;
Istanbul, 41.0151, 28.9795, 278;
Rome, 41.8903, 12.4924, 272;
Munich, 48.1372, 11.5761, 271;
Buenos Aires, -34.6037, -58.3816, 328;
Los Angeles, 34.0522, -118.244, 388;
Jerusalem, 31.772, 35.217, 275;
Bangkok, 13.7367, 100.523, 270;
Luanda, -8.38333, 13.2344, 273;
Joana, 34.535, 42.324, 42;
Lucas, 124.21, 125.321, 73;
